1 0.968000 0.650000 0.064000 0.060000
1 0.066000 0.746000 0.116000 0.060000
1 0.354000 0.870000 0.084000 0.092000
1 0.172000 0.848000 0.048000 0.040000
1 0.262000 0.858000 0.044000 0.036000
1 0.254000 0.782000 0.028000 0.092000
1 0.178000 0.726000 0.100000 0.044000
1 0.262000 0.700000 0.060000 0.056000
1 0.322000 0.788000 0.092000 0.080000
1 0.338000 0.658000 0.076000 0.052000
1 0.392000 0.586000 0.056000 0.076000
1 0.482000 0.528000 0.100000 0.072000
1 0.542000 0.454000 0.092000 0.076000
1 0.618000 0.410000 0.052000 0.052000
1 0.686000 0.384000 0.076000 0.064000
1 0.758000 0.470000 0.052000 0.060000
1 0.830000 0.548000 0.068000 0.064000
1 0.902000 0.606000 0.060000 0.060000
