1 0.924000 0.912000 0.120000 0.136000
1 0.092000 0.392000 0.176000 0.128000
1 0.296000 0.342000 0.224000 0.212000
1 0.172000 0.538000 0.128000 0.116000
1 0.250000 0.630000 0.124000 0.108000
1 0.354000 0.770000 0.084000 0.068000
1 0.526000 0.874000 0.132000 0.132000
1 0.516000 0.404000 0.192000 0.128000
1 0.624000 0.760000 0.064000 0.072000
1 0.774000 0.936000 0.068000 0.064000
1 0.712000 0.940000 0.056000 0.048000
1 0.324000 0.502000 0.176000 0.116000
1 0.538000 0.530000 0.100000 0.076000
1 0.812000 0.768000 0.072000 0.096000
