1 0.066000 0.960000 0.124000 0.080000
1 0.062000 0.612000 0.116000 0.176000
1 0.278000 0.772000 0.140000 0.072000
1 0.672000 0.710000 0.224000 0.116000
1 0.186000 0.488000 0.364000 0.056000
1 0.340000 0.428000 0.040000 0.088000
1 0.232000 0.604000 0.104000 0.104000
1 0.336000 0.590000 0.096000 0.140000
1 0.414000 0.528000 0.068000 0.152000
1 0.526000 0.546000 0.084000 0.116000
1 0.794000 0.600000 0.324000 0.136000
1 0.784000 0.504000 0.048000 0.064000
1 0.358000 0.250000 0.036000 0.260000
1 0.780000 0.340000 0.032000 0.272000
1 0.980000 0.620000 0.040000 0.104000
1 0.308000 0.938000 0.136000 0.124000
1 0.446000 0.908000 0.092000 0.176000
1 0.580000 0.904000 0.152000 0.176000
1 0.720000 0.906000 0.112000 0.156000
1 0.846000 0.912000 0.100000 0.104000
1 0.130000 0.762000 0.052000 0.052000
1 0.604000 0.566000 0.056000 0.116000
1 0.974000 0.862000 0.052000 0.100000
