1 0.120000 0.506000 0.112000 0.356000
1 0.064000 0.858000 0.120000 0.284000
1 0.780000 0.892000 0.064000 0.216000
1 0.398000 0.192000 0.180000 0.376000
1 0.248000 0.350000 0.120000 0.372000
1 0.218000 0.912000 0.164000 0.176000
1 0.474000 0.864000 0.124000 0.272000
1 0.632000 0.784000 0.096000 0.432000
1 0.412000 0.556000 0.136000 0.352000
1 0.946000 0.898000 0.108000 0.196000
1 0.822000 0.278000 0.052000 0.460000
1 0.850000 0.918000 0.084000 0.148000
1 0.404000 0.182000 0.104000 0.356000
1 0.676000 0.130000 0.104000 0.252000
1 0.632000 0.430000 0.088000 0.268000
1 0.944000 0.594000 0.112000 0.308000
