1 0.756000 0.464000 0.032000 0.328000
1 0.040000 0.688000 0.024000 0.160000
1 0.154000 0.526000 0.052000 0.492000
1 0.206000 0.398000 0.052000 0.308000
1 0.206000 0.640000 0.028000 0.160000
1 0.098000 0.738000 0.044000 0.236000
1 0.072000 0.476000 0.096000 0.248000
1 0.016000 0.820000 0.024000 0.104000
1 0.692000 0.586000 0.040000 0.332000
1 0.258000 0.568000 0.028000 0.512000
1 0.318000 0.426000 0.044000 0.156000
1 0.376000 0.854000 0.016000 0.148000
1 0.436000 0.776000 0.024000 0.200000
1 0.590000 0.238000 0.132000 0.308000
1 0.430000 0.296000 0.116000 0.264000
1 0.818000 0.364000 0.060000 0.344000
1 0.866000 0.186000 0.020000 0.332000
1 0.886000 0.114000 0.084000 0.188000
1 0.848000 0.678000 0.072000 0.260000
1 0.110000 0.890000 0.020000 0.036000
1 0.508000 0.878000 0.032000 0.084000
1 0.552000 0.454000 0.072000 0.092000
