1 0.950000 0.596000 0.100000 0.248000
1 0.286000 0.956000 0.052000 0.080000
1 0.448000 0.900000 0.160000 0.104000
1 0.638000 0.916000 0.068000 0.112000
1 0.824000 0.776000 0.120000 0.080000
1 0.932000 0.876000 0.136000 0.152000
1 0.250000 0.400000 0.148000 0.056000
1 0.082000 0.406000 0.156000 0.108000
1 0.126000 0.506000 0.100000 0.084000
1 0.420000 0.536000 0.472000 0.072000
1 0.482000 0.460000 0.156000 0.096000
1 0.262000 0.456000 0.188000 0.040000
1 0.554000 0.638000 0.100000 0.076000
1 0.340000 0.630000 0.136000 0.108000
1 0.390000 0.730000 0.068000 0.068000
1 0.470000 0.696000 0.108000 0.096000
1 0.618000 0.704000 0.068000 0.136000
1 0.782000 0.608000 0.060000 0.168000
