1 0.728000 0.938000 0.104000 0.100000
1 0.930000 0.946000 0.140000 0.084000
1 0.270000 0.248000 0.060000 0.160000
1 0.098000 0.470000 0.084000 0.284000
1 0.226000 0.454000 0.052000 0.124000
1 0.372000 0.884000 0.032000 0.064000
1 0.438000 0.876000 0.044000 0.072000
1 0.492000 0.888000 0.032000 0.048000
1 0.584000 0.848000 0.048000 0.040000
1 0.690000 0.286000 0.116000 0.140000
1 0.666000 0.460000 0.044000 0.200000
1 0.732000 0.404000 0.056000 0.088000
1 0.852000 0.202000 0.128000 0.204000
1 0.910000 0.414000 0.060000 0.212000
1 0.928000 0.574000 0.048000 0.084000
1 0.140000 0.934000 0.040000 0.036000
1 0.302000 0.808000 0.036000 0.080000
1 0.638000 0.918000 0.036000 0.052000
1 0.798000 0.680000 0.052000 0.088000
1 0.964000 0.876000 0.072000 0.056000
1 0.508000 0.486000 0.040000 0.060000
1 0.174000 0.546000 0.036000 0.148000
1 0.010000 0.522000 0.012000 0.108000
1 0.020000 0.398000 0.032000 0.068000
