1 0.188000 0.432000 0.032000 0.080000
1 0.342000 0.442000 0.044000 0.100000
1 0.316000 0.780000 0.056000 0.152000
1 0.704000 0.712000 0.056000 0.080000
1 0.450000 0.630000 0.068000 0.196000
1 0.516000 0.456000 0.056000 0.136000
1 0.454000 0.912000 0.036000 0.040000
1 0.524000 0.700000 0.056000 0.048000
1 0.518000 0.602000 0.052000 0.084000
1 0.652000 0.718000 0.040000 0.108000
1 0.646000 0.612000 0.044000 0.040000
1 0.552000 0.368000 0.032000 0.032000
1 0.236000 0.496000 0.040000 0.056000
1 0.262000 0.774000 0.044000 0.100000
1 0.452000 0.814000 0.048000 0.148000
