1 0.968000 0.934000 0.064000 0.132000
1 0.454000 0.092000 0.148000 0.168000
1 0.550000 0.234000 0.100000 0.116000
1 0.638000 0.438000 0.092000 0.180000
1 0.732000 0.582000 0.120000 0.108000
1 0.838000 0.702000 0.068000 0.100000
1 0.908000 0.806000 0.064000 0.100000
1 0.024000 0.356000 0.040000 0.088000
1 0.048000 0.460000 0.064000 0.096000
1 0.100000 0.586000 0.072000 0.116000
1 0.156000 0.708000 0.064000 0.088000
1 0.222000 0.790000 0.060000 0.076000
1 0.294000 0.864000 0.076000 0.072000
1 0.376000 0.924000 0.080000 0.064000
1 0.592000 0.950000 0.344000 0.100000
1 0.844000 0.982000 0.072000 0.036000
