1 0.034000 0.808000 0.060000 0.048000
1 0.264000 0.828000 0.192000 0.120000
1 0.440000 0.802000 0.088000 0.100000
1 0.758000 0.950000 0.164000 0.100000
1 0.544000 0.826000 0.064000 0.100000
1 0.638000 0.882000 0.060000 0.084000
1 0.494000 0.522000 0.132000 0.068000
1 0.372000 0.516000 0.040000 0.056000
1 0.074000 0.490000 0.140000 0.060000
1 0.244000 0.410000 0.096000 0.092000
1 0.438000 0.284000 0.084000 0.056000
1 0.690000 0.312000 0.076000 0.048000
1 0.670000 0.536000 0.068000 0.080000
1 0.880000 0.226000 0.056000 0.044000
