1 0.056000 0.830000 0.104000 0.188000
1 0.192000 0.674000 0.144000 0.228000
1 0.238000 0.826000 0.044000 0.068000
1 0.168000 0.848000 0.032000 0.112000
1 0.342000 0.802000 0.068000 0.172000
1 0.430000 0.666000 0.092000 0.180000
1 0.594000 0.708000 0.068000 0.104000
1 0.734000 0.654000 0.092000 0.220000
1 0.656000 0.574000 0.072000 0.148000
1 0.696000 0.812000 0.032000 0.064000
1 0.984000 0.824000 0.032000 0.160000
1 0.884000 0.810000 0.024000 0.044000
1 0.910000 0.864000 0.028000 0.064000
1 0.610000 0.816000 0.028000 0.112000
