1 0.284000 0.256000 0.368000 0.504000
1 0.626000 0.260000 0.300000 0.512000
1 0.892000 0.262000 0.216000 0.516000
1 0.508000 0.568000 0.984000 0.112000
1 0.178000 0.736000 0.252000 0.224000
1 0.518000 0.738000 0.404000 0.220000
1 0.418000 0.916000 0.180000 0.136000
1 0.850000 0.754000 0.068000 0.204000
1 0.910000 0.716000 0.180000 0.176000
1 0.918000 0.876000 0.060000 0.136000
1 0.986000 0.912000 0.028000 0.176000
1 0.600000 0.888000 0.088000 0.072000
1 0.252000 0.930000 0.152000 0.140000
1 0.758000 0.672000 0.060000 0.096000
