1 0.100000 0.498000 0.080000 0.164000
1 0.968000 0.980000 0.064000 0.040000
1 0.072000 0.706000 0.112000 0.132000
1 0.222000 0.722000 0.156000 0.100000
1 0.662000 0.380000 0.044000 0.080000
1 0.770000 0.498000 0.196000 0.116000
1 0.604000 0.484000 0.072000 0.160000
1 0.198000 0.546000 0.092000 0.164000
1 0.338000 0.576000 0.140000 0.136000
1 0.404000 0.760000 0.048000 0.120000
1 0.610000 0.862000 0.196000 0.092000
1 0.496000 0.668000 0.072000 0.072000
1 0.440000 0.532000 0.048000 0.048000
1 0.526000 0.558000 0.084000 0.092000
1 0.634000 0.630000 0.140000 0.108000
1 0.464000 0.794000 0.064000 0.100000
1 0.784000 0.956000 0.104000 0.080000
1 0.900000 0.968000 0.056000 0.048000
1 0.632000 0.766000 0.152000 0.092000
1 0.774000 0.584000 0.060000 0.048000
