1 0.396000 0.130000 0.272000 0.252000
1 0.432000 0.282000 0.064000 0.044000
1 0.570000 0.344000 0.148000 0.152000
1 0.714000 0.394000 0.060000 0.076000
1 0.784000 0.314000 0.040000 0.060000
1 0.100000 0.602000 0.192000 0.204000
1 0.046000 0.828000 0.084000 0.232000
1 0.136000 0.876000 0.080000 0.128000
1 0.366000 0.868000 0.348000 0.128000
1 0.312000 0.638000 0.208000 0.108000
1 0.770000 0.820000 0.460000 0.136000
1 0.410000 0.756000 0.276000 0.104000
1 0.846000 0.572000 0.196000 0.240000
1 0.518000 0.620000 0.132000 0.184000
1 0.668000 0.614000 0.144000 0.276000
