1 0.864000 0.486000 0.136000 0.372000
1 0.026000 0.650000 0.044000 0.644000
1 0.156000 0.794000 0.184000 0.380000
1 0.188000 0.328000 0.104000 0.240000
1 0.702000 0.162000 0.060000 0.132000
1 0.348000 0.812000 0.088000 0.208000
1 0.506000 0.860000 0.116000 0.216000
1 0.634000 0.970000 0.132000 0.060000
1 0.688000 0.760000 0.120000 0.136000
1 0.852000 0.882000 0.296000 0.068000
1 0.952000 0.770000 0.096000 0.164000
1 0.958000 0.324000 0.036000 0.216000
1 0.664000 0.328000 0.056000 0.096000
1 0.854000 0.964000 0.292000 0.072000
1 0.120000 0.092000 0.040000 0.176000
