1 0.096000 0.950000 0.088000 0.100000
1 0.174000 0.406000 0.092000 0.132000
1 0.030000 0.278000 0.052000 0.068000
1 0.946000 0.264000 0.076000 0.120000
1 0.316000 0.508000 0.064000 0.080000
1 0.092000 0.732000 0.072000 0.144000
1 0.160000 0.644000 0.064000 0.136000
1 0.400000 0.692000 0.072000 0.120000
1 0.498000 0.616000 0.076000 0.088000
1 0.558000 0.576000 0.052000 0.072000
1 0.692000 0.462000 0.096000 0.108000
1 0.800000 0.402000 0.064000 0.092000
1 0.018000 0.850000 0.028000 0.084000
1 0.512000 0.958000 0.064000 0.060000
