1 0.086000 0.906000 0.140000 0.188000
1 0.852000 0.806000 0.296000 0.388000
1 0.678000 0.832000 0.060000 0.272000
1 0.092000 0.576000 0.104000 0.392000
1 0.214000 0.446000 0.132000 0.212000
1 0.600000 0.306000 0.208000 0.244000
1 0.566000 0.712000 0.092000 0.200000
1 0.582000 0.910000 0.060000 0.180000
1 0.182000 0.224000 0.140000 0.240000
1 0.858000 0.414000 0.284000 0.396000
1 0.360000 0.250000 0.096000 0.108000
1 0.458000 0.334000 0.076000 0.148000
1 0.570000 0.084000 0.324000 0.160000
1 0.222000 0.902000 0.132000 0.100000
1 0.572000 0.552000 0.056000 0.112000
1 0.528000 0.476000 0.056000 0.072000
1 0.658000 0.504000 0.084000 0.128000
