1 0.370000 0.334000 0.276000 0.212000
1 0.042000 0.892000 0.076000 0.072000
1 0.016000 0.732000 0.024000 0.088000
1 0.832000 0.860000 0.080000 0.072000
1 0.916000 0.748000 0.072000 0.112000
1 0.938000 0.870000 0.076000 0.052000
1 0.428000 0.690000 0.072000 0.148000
1 0.516000 0.710000 0.072000 0.140000
1 0.680000 0.710000 0.040000 0.060000
1 0.698000 0.872000 0.060000 0.080000
1 0.222000 0.874000 0.124000 0.052000
1 0.294000 0.748000 0.124000 0.120000
1 0.210000 0.578000 0.100000 0.100000
1 0.132000 0.660000 0.040000 0.040000
1 0.338000 0.858000 0.052000 0.060000
1 0.632000 0.870000 0.048000 0.076000
1 0.578000 0.728000 0.044000 0.072000
1 0.398000 0.510000 0.068000 0.068000
1 0.816000 0.714000 0.056000 0.108000
1 0.740000 0.682000 0.040000 0.092000
