1 0.070000 0.666000 0.132000 0.052000
1 0.132000 0.740000 0.096000 0.072000
1 0.276000 0.784000 0.168000 0.192000
1 0.388000 0.756000 0.048000 0.096000
1 0.954000 0.848000 0.092000 0.104000
1 0.486000 0.896000 0.092000 0.048000
1 0.566000 0.894000 0.076000 0.044000
1 0.666000 0.894000 0.108000 0.060000
1 0.812000 0.868000 0.088000 0.056000
1 0.434000 0.842000 0.068000 0.052000
1 0.732000 0.794000 0.224000 0.084000
1 0.942000 0.758000 0.116000 0.036000
1 0.482000 0.716000 0.060000 0.032000
1 0.934000 0.690000 0.100000 0.068000
1 0.652000 0.720000 0.080000 0.056000
1 0.764000 0.720000 0.088000 0.056000
1 0.378000 0.914000 0.036000 0.028000
