1 0.048000 0.660000 0.080000 0.072000
1 0.080000 0.974000 0.048000 0.052000
1 0.198000 0.768000 0.036000 0.144000
1 0.334000 0.892000 0.068000 0.088000
1 0.546000 0.790000 0.052000 0.108000
1 0.494000 0.866000 0.052000 0.084000
1 0.764000 0.748000 0.128000 0.056000
1 0.356000 0.678000 0.064000 0.316000
1 0.280000 0.438000 0.072000 0.116000
1 0.378000 0.474000 0.052000 0.084000
1 0.200000 0.940000 0.056000 0.120000
1 0.246000 0.968000 0.044000 0.064000
1 0.740000 0.480000 0.096000 0.072000
1 0.728000 0.600000 0.048000 0.152000
1 0.796000 0.634000 0.056000 0.140000
1 0.558000 0.458000 0.036000 0.052000
1 0.926000 0.674000 0.148000 0.084000
1 0.840000 0.374000 0.056000 0.044000
