1 0.054000 0.860000 0.100000 0.056000
1 0.120000 0.930000 0.056000 0.036000
1 0.246000 0.922000 0.076000 0.060000
1 0.572000 0.944000 0.088000 0.040000
1 0.576000 0.860000 0.552000 0.120000
1 0.962000 0.882000 0.060000 0.028000
1 0.900000 0.840000 0.048000 0.040000
1 0.088000 0.550000 0.168000 0.316000
1 0.292000 0.590000 0.224000 0.236000
1 0.478000 0.658000 0.148000 0.092000
1 0.530000 0.518000 0.060000 0.180000
1 0.560000 0.358000 0.040000 0.124000
1 0.578000 0.230000 0.028000 0.116000
1 0.718000 0.688000 0.324000 0.056000
