1 0.078000 0.564000 0.052000 0.048000
1 0.276000 0.796000 0.072000 0.080000
1 0.358000 0.836000 0.044000 0.120000
1 0.418000 0.736000 0.060000 0.104000
1 0.634000 0.878000 0.044000 0.164000
1 0.588000 0.952000 0.064000 0.080000
1 0.290000 0.672000 0.084000 0.080000
1 0.532000 0.528000 0.096000 0.136000
1 0.588000 0.708000 0.064000 0.104000
1 0.686000 0.566000 0.068000 0.084000
1 0.726000 0.636000 0.068000 0.064000
1 0.820000 0.820000 0.104000 0.144000
1 0.940000 0.734000 0.120000 0.116000
1 0.960000 0.874000 0.080000 0.116000
1 0.368000 0.584000 0.080000 0.080000
