1 0.282000 0.406000 0.092000 0.236000
1 0.406000 0.560000 0.068000 0.096000
1 0.356000 0.868000 0.024000 0.056000
1 0.396000 0.864000 0.032000 0.056000
1 0.572000 0.436000 0.064000 0.128000
1 0.126000 0.964000 0.028000 0.040000
1 0.722000 0.364000 0.036000 0.072000
1 0.848000 0.734000 0.056000 0.036000
1 0.714000 0.792000 0.052000 0.040000
1 0.946000 0.302000 0.108000 0.116000
1 0.980000 0.434000 0.040000 0.092000
1 0.464000 0.548000 0.032000 0.064000
1 0.560000 0.744000 0.032000 0.040000
1 0.168000 0.922000 0.024000 0.076000
1 0.296000 0.840000 0.024000 0.040000
1 0.956000 0.676000 0.032000 0.064000
1 0.592000 0.330000 0.032000 0.076000
1 0.264000 0.610000 0.032000 0.044000
1 0.232000 0.920000 0.032000 0.032000
