1 0.538000 0.530000 0.044000 0.132000
1 0.656000 0.518000 0.096000 0.140000
1 0.046000 0.792000 0.052000 0.048000
1 0.182000 0.646000 0.084000 0.180000
1 0.394000 0.726000 0.076000 0.196000
1 0.296000 0.648000 0.096000 0.080000
1 0.212000 0.844000 0.040000 0.056000
1 0.334000 0.818000 0.028000 0.148000
1 0.090000 0.642000 0.044000 0.076000
1 0.726000 0.774000 0.076000 0.196000
1 0.564000 0.650000 0.112000 0.076000
1 0.858000 0.488000 0.052000 0.088000
1 0.832000 0.664000 0.072000 0.136000
1 0.846000 0.794000 0.060000 0.076000
1 0.936000 0.740000 0.088000 0.072000
1 0.920000 0.604000 0.048000 0.120000
1 0.214000 0.548000 0.204000 0.064000
1 0.388000 0.566000 0.080000 0.044000
1 0.492000 0.822000 0.040000 0.044000
1 0.564000 0.730000 0.104000 0.060000
1 0.858000 0.892000 0.052000 0.056000
1 0.650000 0.784000 0.052000 0.128000
1 0.606000 0.288000 0.052000 0.072000
1 0.478000 0.476000 0.068000 0.064000
1 0.682000 0.642000 0.116000 0.076000
