1 0.184000 0.318000 0.192000 0.188000
1 0.964000 0.474000 0.072000 0.164000
1 0.580000 0.412000 0.120000 0.136000
1 0.666000 0.888000 0.148000 0.160000
1 0.722000 0.728000 0.140000 0.216000
1 0.786000 0.632000 0.052000 0.208000
1 0.050000 0.666000 0.076000 0.132000
1 0.178000 0.652000 0.148000 0.144000
1 0.232000 0.810000 0.064000 0.148000
1 0.208000 0.516000 0.120000 0.112000
1 0.370000 0.486000 0.076000 0.148000
1 0.442000 0.640000 0.148000 0.096000
1 0.550000 0.560000 0.092000 0.128000
1 0.474000 0.780000 0.052000 0.056000
1 0.586000 0.680000 0.028000 0.064000
1 0.448000 0.488000 0.064000 0.096000
1 0.044000 0.326000 0.064000 0.052000
1 0.856000 0.504000 0.056000 0.048000
1 0.624000 0.614000 0.056000 0.108000
1 0.330000 0.638000 0.068000 0.092000
