1 0.926000 0.522000 0.148000 0.380000
1 0.040000 0.694000 0.072000 0.188000
1 0.056000 0.552000 0.040000 0.064000
1 0.054000 0.888000 0.100000 0.104000
1 0.242000 0.896000 0.260000 0.096000
1 0.238000 0.734000 0.092000 0.212000
1 0.532000 0.880000 0.280000 0.136000
1 0.780000 0.938000 0.440000 0.116000
1 0.422000 0.744000 0.076000 0.152000
1 0.510000 0.430000 0.180000 0.292000
1 0.276000 0.332000 0.088000 0.296000
1 0.254000 0.090000 0.188000 0.172000
1 0.138000 0.290000 0.036000 0.276000
1 0.280000 0.562000 0.088000 0.124000
1 0.412000 0.230000 0.064000 0.108000
