1 0.078000 0.752000 0.148000 0.400000
1 0.232000 0.820000 0.160000 0.280000
1 0.402000 0.878000 0.140000 0.236000
1 0.642000 0.860000 0.356000 0.168000
1 0.568000 0.636000 0.096000 0.064000
1 0.724000 0.700000 0.088000 0.072000
1 0.562000 0.388000 0.148000 0.120000
1 0.452000 0.050000 0.160000 0.092000
1 0.882000 0.346000 0.212000 0.140000
1 0.712000 0.262000 0.104000 0.116000
1 0.586000 0.052000 0.052000 0.048000
1 0.708000 0.434000 0.096000 0.116000
1 0.590000 0.552000 0.124000 0.072000
1 0.824000 0.570000 0.072000 0.100000
1 0.702000 0.618000 0.060000 0.060000
1 0.714000 0.128000 0.068000 0.120000
