1 0.796000 0.614000 0.192000 0.500000
1 0.938000 0.842000 0.076000 0.108000
1 0.578000 0.464000 0.260000 0.480000
1 0.268000 0.038000 0.072000 0.068000
1 0.050000 0.524000 0.092000 0.160000
1 0.176000 0.494000 0.072000 0.084000
1 0.150000 0.364000 0.044000 0.176000
1 0.440000 0.898000 0.088000 0.180000
1 0.506000 0.802000 0.100000 0.132000
1 0.344000 0.260000 0.096000 0.136000
1 0.322000 0.140000 0.100000 0.120000
1 0.020000 0.290000 0.032000 0.116000
1 0.344000 0.728000 0.080000 0.112000
1 0.034000 0.206000 0.060000 0.068000
1 0.252000 0.584000 0.088000 0.080000
1 0.136000 0.680000 0.048000 0.088000
1 0.162000 0.178000 0.060000 0.132000
