1 0.886000 0.342000 0.132000 0.500000
1 0.908000 0.726000 0.184000 0.260000
1 0.864000 0.922000 0.112000 0.124000
1 0.786000 0.044000 0.060000 0.080000
1 0.762000 0.336000 0.044000 0.488000
1 0.206000 0.074000 0.068000 0.140000
1 0.264000 0.190000 0.040000 0.148000
1 0.290000 0.322000 0.044000 0.100000
1 0.288000 0.050000 0.064000 0.092000
1 0.464000 0.098000 0.088000 0.188000
1 0.582000 0.080000 0.060000 0.144000
1 0.664000 0.394000 0.048000 0.100000
1 0.044000 0.684000 0.032000 0.464000
1 0.008000 0.748000 0.008000 0.496000
1 0.586000 0.488000 0.052000 0.168000
1 0.280000 0.652000 0.072000 0.208000
1 0.402000 0.734000 0.116000 0.172000
1 0.290000 0.870000 0.052000 0.180000
1 0.188000 0.522000 0.064000 0.196000
1 0.938000 0.730000 0.124000 0.260000
1 0.404000 0.886000 0.112000 0.132000
1 0.426000 0.280000 0.060000 0.040000
1 0.512000 0.264000 0.056000 0.080000
1 0.600000 0.240000 0.032000 0.152000
1 0.696000 0.240000 0.064000 0.216000
1 0.010000 0.322000 0.012000 0.108000
1 0.198000 0.834000 0.076000 0.244000
1 0.090000 0.694000 0.028000 0.100000
1 0.756000 0.808000 0.040000 0.200000
1 0.494000 0.720000 0.276000 0.552000
1 0.652000 0.732000 0.040000 0.488000
1 0.690000 0.790000 0.028000 0.404000
1 0.750000 0.972000 0.052000 0.056000
1 0.108000 0.102000 0.128000 0.196000
1 0.190000 0.312000 0.076000 0.232000
