1 0.018000 0.262000 0.028000 0.516000
1 0.014000 0.754000 0.020000 0.420000
1 0.038000 0.840000 0.020000 0.232000
1 0.088000 0.712000 0.032000 0.472000
1 0.152000 0.742000 0.056000 0.396000
1 0.586000 0.670000 0.076000 0.580000
1 0.386000 0.582000 0.052000 0.388000
1 0.248000 0.822000 0.072000 0.220000
1 0.146000 0.262000 0.036000 0.068000
1 0.222000 0.210000 0.092000 0.188000
1 0.252000 0.060000 0.080000 0.112000
1 0.330000 0.110000 0.036000 0.060000
1 0.282000 0.358000 0.068000 0.084000
1 0.654000 0.826000 0.044000 0.292000
1 0.730000 0.844000 0.028000 0.232000
1 0.776000 0.768000 0.048000 0.352000
1 0.862000 0.776000 0.044000 0.344000
1 0.714000 0.206000 0.044000 0.100000
1 0.702000 0.382000 0.044000 0.228000
1 0.282000 0.550000 0.076000 0.260000
1 0.466000 0.082000 0.028000 0.148000
1 0.810000 0.136000 0.124000 0.264000
1 0.900000 0.554000 0.040000 0.404000
1 0.528000 0.818000 0.040000 0.292000
