1 0.104000 0.944000 0.200000 0.112000
1 0.180000 0.844000 0.120000 0.088000
1 0.290000 0.946000 0.068000 0.108000
1 0.444000 0.932000 0.184000 0.128000
1 0.602000 0.966000 0.076000 0.068000
1 0.608000 0.796000 0.096000 0.064000
1 0.512000 0.798000 0.056000 0.052000
1 0.380000 0.662000 0.072000 0.108000
1 0.130000 0.692000 0.028000 0.048000
1 0.174000 0.646000 0.052000 0.124000
1 0.920000 0.786000 0.088000 0.212000
1 0.288000 0.616000 0.080000 0.216000
1 0.642000 0.670000 0.052000 0.100000
1 0.588000 0.662000 0.048000 0.140000
1 0.692000 0.664000 0.024000 0.112000
1 0.642000 0.430000 0.044000 0.140000
1 0.610000 0.152000 0.076000 0.232000
1 0.626000 0.314000 0.068000 0.092000
1 0.802000 0.692000 0.092000 0.056000
