1 0.046000 0.906000 0.084000 0.108000
1 0.324000 0.838000 0.064000 0.132000
1 0.408000 0.880000 0.072000 0.160000
1 0.054000 0.752000 0.076000 0.072000
1 0.454000 0.708000 0.060000 0.088000
1 0.854000 0.616000 0.292000 0.184000
1 0.294000 0.274000 0.060000 0.084000
1 0.454000 0.564000 0.092000 0.200000
1 0.508000 0.858000 0.088000 0.132000
1 0.220000 0.930000 0.096000 0.140000
1 0.720000 0.440000 0.080000 0.168000
1 0.734000 0.914000 0.060000 0.100000
1 0.062000 0.584000 0.060000 0.064000
1 0.950000 0.904000 0.100000 0.120000
1 0.620000 0.450000 0.088000 0.132000
