1 0.214000 0.544000 0.036000 0.064000
1 0.756000 0.506000 0.064000 0.036000
1 0.448000 0.858000 0.144000 0.100000
1 0.210000 0.708000 0.108000 0.160000
1 0.040000 0.682000 0.072000 0.124000
1 0.120000 0.684000 0.080000 0.072000
1 0.362000 0.716000 0.188000 0.152000
1 0.310000 0.526000 0.068000 0.212000
1 0.466000 0.600000 0.036000 0.152000
1 0.548000 0.738000 0.184000 0.108000
1 0.656000 0.806000 0.064000 0.020000
1 0.572000 0.864000 0.080000 0.040000
1 0.662000 0.848000 0.092000 0.032000
1 0.772000 0.708000 0.032000 0.040000
1 0.978000 0.720000 0.044000 0.072000
