1 0.390000 0.904000 0.092000 0.136000
1 0.772000 0.940000 0.104000 0.096000
1 0.728000 0.674000 0.152000 0.156000
1 0.936000 0.470000 0.080000 0.116000
1 0.768000 0.518000 0.128000 0.100000
1 0.184000 0.538000 0.264000 0.068000
1 0.356000 0.498000 0.056000 0.068000
1 0.012000 0.512000 0.016000 0.032000
1 0.480000 0.488000 0.080000 0.096000
1 0.336000 0.624000 0.104000 0.088000
1 0.186000 0.724000 0.084000 0.048000
1 0.252000 0.676000 0.072000 0.072000
1 0.686000 0.448000 0.044000 0.056000
1 0.550000 0.472000 0.044000 0.032000
1 0.946000 0.860000 0.036000 0.040000
