1 0.742000 0.932000 0.076000 0.128000
1 0.588000 0.860000 0.184000 0.088000
1 0.420000 0.726000 0.072000 0.100000
1 0.320000 0.646000 0.096000 0.084000
1 0.110000 0.534000 0.068000 0.060000
1 0.216000 0.514000 0.144000 0.188000
1 0.498000 0.296000 0.044000 0.056000
1 0.886000 0.690000 0.092000 0.148000
1 0.890000 0.522000 0.100000 0.188000
1 0.714000 0.426000 0.108000 0.100000
1 0.378000 0.496000 0.068000 0.072000
1 0.482000 0.588000 0.044000 0.040000
1 0.760000 0.298000 0.152000 0.124000
1 0.584000 0.430000 0.024000 0.036000
1 0.792000 0.590000 0.080000 0.116000
