1 0.968000 0.720000 0.064000 0.128000
1 0.052000 0.658000 0.096000 0.132000
1 0.244000 0.916000 0.264000 0.120000
1 0.138000 0.622000 0.044000 0.052000
1 0.310000 0.720000 0.148000 0.056000
1 0.698000 0.942000 0.092000 0.116000
1 0.556000 0.768000 0.120000 0.128000
1 0.446000 0.728000 0.052000 0.144000
1 0.348000 0.518000 0.080000 0.100000
1 0.374000 0.636000 0.044000 0.128000
1 0.252000 0.594000 0.064000 0.052000
1 0.524000 0.674000 0.072000 0.068000
1 0.598000 0.654000 0.036000 0.100000
1 0.398000 0.760000 0.052000 0.088000
1 0.706000 0.748000 0.084000 0.112000
1 0.614000 0.588000 0.036000 0.032000
1 0.968000 0.958000 0.064000 0.084000
