1 0.592000 0.154000 0.192000 0.300000
1 0.614000 0.402000 0.252000 0.172000
1 0.524000 0.526000 0.072000 0.076000
1 0.142000 0.952000 0.084000 0.096000
1 0.258000 0.870000 0.156000 0.260000
1 0.432000 0.840000 0.056000 0.208000
1 0.502000 0.956000 0.060000 0.072000
1 0.550000 0.918000 0.036000 0.052000
1 0.618000 0.864000 0.076000 0.112000
1 0.732000 0.780000 0.136000 0.208000
1 0.846000 0.754000 0.092000 0.084000
1 0.976000 0.720000 0.048000 0.104000
1 0.906000 0.656000 0.036000 0.144000
1 0.758000 0.620000 0.100000 0.112000
1 0.518000 0.778000 0.108000 0.300000
1 0.296000 0.406000 0.080000 0.132000
