1 0.154000 0.138000 0.076000 0.124000
1 0.214000 0.338000 0.084000 0.268000
1 0.262000 0.546000 0.084000 0.148000
1 0.320000 0.760000 0.080000 0.256000
1 0.350000 0.930000 0.172000 0.124000
1 0.566000 0.980000 0.212000 0.040000
1 0.676000 0.938000 0.040000 0.076000
1 0.744000 0.850000 0.080000 0.092000
1 0.854000 0.678000 0.084000 0.252000
1 0.752000 0.278000 0.080000 0.108000
1 0.824000 0.444000 0.080000 0.168000
1 0.250000 0.060000 0.084000 0.048000
1 0.468000 0.026000 0.136000 0.044000
1 0.654000 0.148000 0.100000 0.136000
