1 0.436000 0.072000 0.112000 0.128000
1 0.358000 0.972000 0.132000 0.056000
1 0.600000 0.106000 0.096000 0.204000
1 0.650000 0.274000 0.044000 0.108000
1 0.504000 0.420000 0.056000 0.136000
1 0.560000 0.778000 0.048000 0.148000
1 0.628000 0.872000 0.080000 0.136000
1 0.796000 0.598000 0.080000 0.220000
1 0.854000 0.674000 0.036000 0.164000
1 0.910000 0.704000 0.036000 0.056000
1 0.638000 0.494000 0.052000 0.108000
1 0.936000 0.802000 0.088000 0.084000
1 0.642000 0.686000 0.052000 0.116000
1 0.818000 0.424000 0.052000 0.104000
