1 0.044000 0.616000 0.032000 0.296000
1 0.014000 0.798000 0.020000 0.060000
1 0.104000 0.748000 0.048000 0.120000
1 0.094000 0.576000 0.060000 0.120000
1 0.164000 0.560000 0.056000 0.336000
1 0.212000 0.536000 0.024000 0.344000
1 0.260000 0.604000 0.032000 0.400000
1 0.308000 0.470000 0.064000 0.132000
1 0.374000 0.804000 0.028000 0.088000
1 0.698000 0.624000 0.052000 0.216000
1 0.764000 0.508000 0.056000 0.272000
1 0.582000 0.320000 0.140000 0.296000
1 0.436000 0.402000 0.104000 0.180000
1 0.828000 0.498000 0.064000 0.548000
1 0.882000 0.232000 0.076000 0.176000
1 0.874000 0.610000 0.036000 0.300000
