1 0.938000 0.356000 0.100000 0.200000
1 0.924000 0.570000 0.080000 0.236000
1 0.834000 0.630000 0.100000 0.284000
1 0.176000 0.666000 0.064000 0.172000
1 0.114000 0.722000 0.076000 0.132000
1 0.064000 0.822000 0.048000 0.132000
1 0.512000 0.476000 0.072000 0.128000
1 0.528000 0.368000 0.032000 0.040000
1 0.622000 0.510000 0.100000 0.156000
1 0.538000 0.672000 0.180000 0.248000
1 0.432000 0.724000 0.032000 0.216000
1 0.402000 0.672000 0.028000 0.072000
1 0.750000 0.716000 0.044000 0.200000
1 0.654000 0.742000 0.036000 0.092000
1 0.706000 0.752000 0.036000 0.096000
1 0.466000 0.510000 0.028000 0.076000
