1 0.900000 0.656000 0.144000 0.112000
1 0.900000 0.812000 0.056000 0.072000
1 0.846000 0.864000 0.068000 0.064000
1 0.936000 0.868000 0.112000 0.040000
1 0.620000 0.894000 0.104000 0.060000
1 0.038000 0.794000 0.068000 0.068000
1 0.044000 0.924000 0.080000 0.080000
1 0.124000 0.918000 0.048000 0.060000
1 0.460000 0.906000 0.056000 0.044000
1 0.280000 0.904000 0.072000 0.072000
1 0.170000 0.782000 0.060000 0.060000
1 0.464000 0.708000 0.048000 0.064000
1 0.296000 0.754000 0.080000 0.036000
1 0.608000 0.708000 0.048000 0.112000
1 0.532000 0.696000 0.064000 0.048000
1 0.376000 0.700000 0.040000 0.064000
1 0.680000 0.676000 0.072000 0.064000
1 0.736000 0.746000 0.064000 0.060000
1 0.774000 0.686000 0.092000 0.044000
