1 0.714000 0.432000 0.036000 0.064000
1 0.040000 0.712000 0.040000 0.064000
1 0.104000 0.742000 0.072000 0.068000
1 0.082000 0.864000 0.068000 0.048000
1 0.328000 0.750000 0.040000 0.068000
1 0.516000 0.706000 0.096000 0.188000
1 0.550000 0.880000 0.036000 0.040000
1 0.986000 0.548000 0.028000 0.136000
1 0.664000 0.804000 0.040000 0.072000
1 0.742000 0.814000 0.028000 0.076000
1 0.776000 0.794000 0.032000 0.084000
1 0.916000 0.812000 0.040000 0.064000
1 0.608000 0.944000 0.048000 0.032000
1 0.214000 0.778000 0.052000 0.100000
1 0.652000 0.892000 0.040000 0.056000
1 0.850000 0.870000 0.036000 0.036000
1 0.888000 0.758000 0.024000 0.068000
1 0.980000 0.706000 0.040000 0.084000
1 0.930000 0.742000 0.044000 0.052000
