1 0.930000 0.842000 0.140000 0.052000
1 0.374000 0.972000 0.124000 0.056000
1 0.196000 0.614000 0.128000 0.124000
1 0.286000 0.730000 0.140000 0.092000
1 0.564000 0.780000 0.032000 0.064000
1 0.526000 0.516000 0.012000 0.624000
1 0.412000 0.816000 0.144000 0.072000
1 0.802000 0.766000 0.068000 0.116000
1 0.820000 0.204000 0.360000 0.400000
1 0.594000 0.354000 0.092000 0.372000
1 0.742000 0.498000 0.204000 0.188000
1 0.626000 0.798000 0.076000 0.084000
1 0.706000 0.714000 0.076000 0.068000
1 0.352000 0.526000 0.232000 0.108000
1 0.256000 0.904000 0.064000 0.064000
1 0.036000 0.786000 0.040000 0.052000
1 0.348000 0.106000 0.224000 0.204000
1 0.220000 0.362000 0.192000 0.148000
1 0.458000 0.356000 0.092000 0.216000
