1 0.456000 0.902000 0.176000 0.116000
1 0.154000 0.858000 0.292000 0.140000
1 0.344000 0.696000 0.144000 0.056000
1 0.668000 0.898000 0.152000 0.116000
1 0.846000 0.840000 0.148000 0.216000
1 0.620000 0.600000 0.056000 0.192000
1 0.778000 0.154000 0.052000 0.252000
1 0.714000 0.346000 0.052000 0.156000
1 0.042000 0.748000 0.044000 0.032000
1 0.632000 0.760000 0.080000 0.064000
1 0.704000 0.696000 0.088000 0.072000
1 0.820000 0.694000 0.104000 0.084000
1 0.892000 0.366000 0.056000 0.092000
1 0.494000 0.694000 0.092000 0.052000
1 0.154000 0.738000 0.060000 0.028000
1 0.974000 0.274000 0.052000 0.196000
