1 0.942000 0.672000 0.116000 0.184000
1 0.762000 0.926000 0.060000 0.076000
1 0.092000 0.772000 0.112000 0.096000
1 0.498000 0.894000 0.124000 0.084000
1 0.356000 0.886000 0.136000 0.084000
1 0.234000 0.856000 0.148000 0.168000
1 0.340000 0.754000 0.128000 0.076000
1 0.608000 0.722000 0.240000 0.100000
1 0.208000 0.700000 0.064000 0.056000
1 0.284000 0.670000 0.056000 0.044000
1 0.386000 0.652000 0.092000 0.056000
1 0.444000 0.684000 0.064000 0.024000
1 0.588000 0.626000 0.056000 0.060000
1 0.696000 0.642000 0.064000 0.028000
