1 0.362000 0.282000 0.188000 0.180000
1 0.716000 0.382000 0.192000 0.228000
1 0.110000 0.752000 0.068000 0.104000
1 0.344000 0.450000 0.232000 0.132000
1 0.560000 0.812000 0.088000 0.128000
1 0.278000 0.666000 0.204000 0.124000
1 0.086000 0.508000 0.028000 0.088000
1 0.656000 0.628000 0.096000 0.152000
1 0.506000 0.690000 0.172000 0.108000
1 0.542000 0.334000 0.164000 0.068000
1 0.538000 0.456000 0.156000 0.088000
1 0.860000 0.582000 0.056000 0.052000
1 0.816000 0.786000 0.080000 0.060000
1 0.790000 0.662000 0.052000 0.188000
1 0.864000 0.876000 0.056000 0.064000
1 0.956000 0.682000 0.040000 0.108000
1 0.382000 0.546000 0.068000 0.052000
1 0.368000 0.822000 0.032000 0.044000
1 0.528000 0.562000 0.048000 0.092000
