1 0.056000 0.906000 0.104000 0.188000
1 0.058000 0.646000 0.108000 0.316000
1 0.188000 0.532000 0.104000 0.168000
1 0.818000 0.864000 0.364000 0.272000
1 0.858000 0.556000 0.284000 0.368000
1 0.618000 0.364000 0.156000 0.376000
1 0.494000 0.410000 0.084000 0.316000
1 0.152000 0.904000 0.064000 0.104000
1 0.232000 0.930000 0.048000 0.084000
1 0.544000 0.712000 0.088000 0.248000
1 0.558000 0.916000 0.068000 0.168000
1 0.104000 0.306000 0.192000 0.372000
1 0.364000 0.298000 0.176000 0.212000
1 0.542000 0.116000 0.332000 0.160000
