1 0.224000 0.058000 0.040000 0.060000
1 0.170000 0.110000 0.044000 0.084000
1 0.414000 0.146000 0.044000 0.044000
1 0.446000 0.066000 0.076000 0.100000
1 0.494000 0.152000 0.036000 0.056000
1 0.548000 0.214000 0.064000 0.060000
1 0.468000 0.482000 0.032000 0.052000
1 0.620000 0.434000 0.056000 0.180000
1 0.598000 0.578000 0.092000 0.084000
1 0.650000 0.678000 0.044000 0.100000
1 0.914000 0.938000 0.084000 0.084000
1 0.812000 0.858000 0.072000 0.100000
1 0.742000 0.904000 0.068000 0.144000
1 0.660000 0.792000 0.032000 0.096000
1 0.632000 0.922000 0.096000 0.156000
