1 0.118000 0.194000 0.068000 0.116000
1 0.128000 0.328000 0.056000 0.136000
1 0.158000 0.468000 0.076000 0.136000
1 0.210000 0.614000 0.076000 0.132000
1 0.266000 0.734000 0.076000 0.076000
1 0.532000 0.122000 0.152000 0.236000
1 0.630000 0.320000 0.068000 0.160000
1 0.688000 0.464000 0.088000 0.104000
1 0.346000 0.828000 0.076000 0.088000
1 0.436000 0.916000 0.088000 0.080000
1 0.646000 0.948000 0.300000 0.104000
1 0.854000 0.978000 0.100000 0.044000
1 0.966000 0.928000 0.068000 0.144000
1 0.768000 0.582000 0.112000 0.124000
1 0.864000 0.706000 0.064000 0.116000
1 0.684000 0.840000 0.040000 0.048000
