1 0.054000 0.850000 0.100000 0.228000
1 0.092000 0.586000 0.040000 0.172000
1 0.088000 0.318000 0.040000 0.052000
1 0.782000 0.322000 0.036000 0.220000
1 0.838000 0.468000 0.084000 0.248000
1 0.924000 0.906000 0.136000 0.076000
1 0.956000 0.702000 0.040000 0.228000
1 0.174000 0.888000 0.076000 0.128000
1 0.268000 0.704000 0.120000 0.496000
1 0.394000 0.590000 0.084000 0.724000
1 0.456000 0.760000 0.040000 0.176000
1 0.554000 0.908000 0.228000 0.104000
1 0.574000 0.248000 0.076000 0.312000
1 0.502000 0.626000 0.020000 0.076000
1 0.712000 0.494000 0.120000 0.380000
1 0.590000 0.768000 0.164000 0.184000
