1 0.906000 0.412000 0.188000 0.216000
1 0.100000 0.600000 0.184000 0.160000
1 0.440000 0.440000 0.248000 0.296000
1 0.420000 0.644000 0.064000 0.120000
1 0.680000 0.652000 0.056000 0.040000
1 0.898000 0.618000 0.068000 0.180000
1 0.666000 0.872000 0.044000 0.200000
1 0.640000 0.582000 0.056000 0.140000
1 0.510000 0.916000 0.036000 0.096000
1 0.814000 0.950000 0.028000 0.036000
1 0.988000 0.950000 0.024000 0.044000
1 0.582000 0.954000 0.020000 0.052000
1 0.228000 0.954000 0.040000 0.044000
1 0.388000 0.958000 0.040000 0.060000
